 Data assimlation method :: KF      
 Integral method         :: Runge-Kutta 
 Data assim. time ==    1.0000000000000000E-002 sec.
 
   TRUTH    =    1.2221167563917232       -1.4770669272505590        24.770697680757056     
   PREDICT  =    6.2726837013084324       -7.0851796428675842        19.412873487844511     
   OBSERVE  =    1.9080459030984454       0.41854860084036827        25.164206598668223     
   ANALYSIS (BEFORE) =    6.2726837013084324       -7.0851796428675842        19.412873487844511     
 
   ANALYSIS ERROR COVARIANCE before one step.
     1.00000000     0.00000000     0.00000000
     0.00000000     1.00000000     0.00000000
     0.00000000     0.00000000     1.00000000
   PREDICTION ERROR COVARIANCE on present step
     0.82000000     0.16685181    -0.06178144
     0.16685181     0.99172820    -0.00453614
    -0.06178144    -0.00453614     0.95928399
 
   ANALYSIS (AFTER) =    4.5755654110609854       -3.5788766652627881        22.303639775237528     
 
 Data assim. time ==    2.0000000000000000E-002 sec.
 
   TRUTH    =   0.96785267203918135       -1.4237631371304984        24.103240382625327     
   PREDICT  =    5.0299535149604404       -6.5085029656441939        18.524000854810833     
   OBSERVE  =   0.19088533701784560      -0.62522432096657088        23.165579253917716     
   ANALYSIS (BEFORE) =    3.8136369149306781       -3.2911113380539785        21.574819684640801     
 
   ANALYSIS ERROR COVARIANCE before one step.
     0.44570644     0.04639493    -0.01737094
     0.04639493     0.49403751     0.00029155
    -0.01737094     0.00029155     0.48906239
   PREDICTION ERROR COVARIANCE on present step
     0.37431368     0.11407602    -0.02553971
     0.11407602     0.49197323    -0.00254445
    -0.02553971    -0.00254445     0.46601626
 
   ANALYSIS (AFTER) =    2.9737262639845534       -2.6265932526438189        22.125495971443382     
 
 Data assim. time ==    2.9999999999999999E-002 sec.
 
   TRUTH    =   0.74270889173512988       -1.3738912423222145        23.457209283809853     
   PREDICT  =    3.9569109994074259       -6.0046131877359548        17.759981302081837     
   OBSERVE  =    3.1007964960507008       -1.2961806312668800        24.728934918507044     
   ANALYSIS (BEFORE) =    2.4502484735358165       -2.4337530738961446        21.475712759517329     
 
   ANALYSIS ERROR COVARIANCE before one step.
     0.26748152     0.05598664    -0.01266415
     0.05598664     0.32546563    -0.00019539
    -0.01266415    -0.00019539     0.31765836
   PREDICTION ERROR COVARIANCE on present step
     0.22999228     0.09691550    -0.01511671
     0.09691550     0.32676069    -0.00230558
    -0.01511671    -0.00230558     0.30196358
 
   ANALYSIS (AFTER) =    2.6061486990083886       -2.1218087894840827        22.223025220778808     
 
 Data assim. time ==    4.0000000000000001E-002 sec.
 
   TRUTH    =   0.54349149935478724       -1.3293456215740564        22.831402567626295     
   PREDICT  =    3.0301738299551517       -5.5788457688677600        17.093673572225740     
   OBSERVE  =   0.38469087650938705       -1.8594477097685553        24.758398703423413     
   ANALYSIS (BEFORE) =    2.1643256247692149       -1.9565714270148182        21.590342760060633     
 
   ANALYSIS ERROR COVARIANCE before one step.
     0.18216551     0.05972380    -0.00938987
     0.05972380     0.24192082    -0.00064901
    -0.00938987    -0.00064901     0.23181919
   PREDICTION ERROR COVARIANCE on present step
     0.16072356     0.08720231    -0.00986278
     0.08720231     0.24476521    -0.00218472
    -0.00986278    -0.00218472     0.22015554
 
   ANALYSIS (AFTER) =    1.9101735364162375       -2.0488775142339111        22.173954181937201     
 
 Data assim. time ==    5.0000000000000003E-002 sec.
 
   TRUTH    =   0.36715577548269840       -1.2915126035173397        22.224749236750529     
   PREDICT  =    2.2283327304368554       -5.2316767210353756        16.504190420295217     
   OBSERVE  =   0.43981063043494506       -2.0813824207649096        21.779391318275593     
   ANALYSIS (BEFORE) =    1.5395863189717169       -1.9236186530713812        21.556738130786226     
 
   ANALYSIS ERROR COVARIANCE before one step.
     0.13385216     0.06066609    -0.00689263
     0.06066609     0.19238399    -0.00095568
    -0.00689263    -0.00095568     0.18037493
   PREDICTION ERROR COVARIANCE on present step
     0.12126398     0.08059172    -0.00731305
     0.08059172     0.19612536    -0.00235239
    -0.00731305    -0.00235239     0.17120148
 
   ANALYSIS (AFTER) =    1.4147140900679598       -2.0155347703831197        21.595504283009468     
 
 Data assim. time ==    5.9999999999999998E-002 sec.
 
   TRUTH    =   0.21083483644421364       -1.2613814993136787        21.636303680208282     
   PREDICT  =    1.5321168397620522       -4.9608356593068468        15.975794018040817     
   OBSERVE  =  -0.69945840551770311       -2.2576998452805146        21.092161003149293     
   ANALYSIS (BEFORE) =    1.0934002375769833       -1.9122496382192657        21.003005429137406     
 
   ANALYSIS ERROR COVARIANCE before one step.
     0.10377419     0.06037453    -0.00547483
     0.06037453     0.15989678    -0.00131039
    -0.00547483    -0.00131039     0.14613912
   PREDICTION ERROR COVARIANCE on present step
     0.09652347     0.07606331    -0.00593270
     0.07606331     0.16487240    -0.00266208
    -0.00593270    -0.00266208     0.13866741
 
   ANALYSIS (AFTER) =   0.92198906995125551       -2.0671787298314466        21.022756338360523     
 
 Data assim. time ==    7.0000000000000007E-002 sec.
 
   TRUTH    =    7.1855806573467934E-002  -1.2396388418229343        21.065235311171996     
   PREDICT  =   0.92438054393678659       -4.7626732921418178        15.496841720711812     
   OBSERVE  =   -1.0085953106641068      -0.42563904522092955        21.985892139062141     
   ANALYSIS (BEFORE) =   0.64137598287472697       -1.9904776743801600        20.453975257257746     
 
   ANALYSIS ERROR COVARIANCE before one step.
     0.08385276     0.05981158    -0.00463349
     0.05981158     0.13762743    -0.00170450
    -0.00463349    -0.00170450     0.12175230
   PREDICTION ERROR COVARIANCE on present step
     0.08006309     0.07264012    -0.00528533
     0.07264012     0.14360722    -0.00310077
    -0.00528533    -0.00310077     0.11552602
 
   ANALYSIS (AFTER) =   0.61156304709407472       -1.9005984539271032        20.616199913220687     
 
 Data assim. time ==    8.0000000000000002E-002 sec.
 
   TRUTH    =   -5.2253771997686410E-002  -1.2267475238966108        20.510816172738672     
   PREDICT  =   0.38998744555806253       -4.6330245353088069        15.058880416645046     
   OBSERVE  =   -7.5642485049870603E-002  -3.3946998488662068        22.521740310421102     
   ANALYSIS (BEFORE) =   0.37534616697345879       -1.8443783877030813        20.064633148921974     
 
   ANALYSIS ERROR COVARIANCE before one step.
     0.07013584     0.05905200    -0.00424152
     0.05905200     0.12181715    -0.00216125
    -0.00424152    -0.00216125     0.10353582
   PREDICTION ERROR COVARIANCE on present step
     0.06865756     0.06979675    -0.00483835
     0.06979675     0.12844260    -0.00344947
    -0.00483835    -0.00344947     0.09823490
 
   ANALYSIS (AFTER) =   0.24829173960587528       -2.0476983845280685        20.290074376189267     
 
 Data assim. time ==    8.9999999999999997E-002 sec.
 
   TRUTH    =  -0.16376701311380198       -1.2230126439941840        19.972408361818459     
   PREDICT  =   -8.4359517834825981E-002  -4.5677384028806127        14.655914508469870     
   OBSERVE  =  -0.54814166319277124      -0.83497470267560669        20.062316470861006     
   ANALYSIS (BEFORE) =    3.1443520188365048E-002  -2.0164929751942844        19.753399167149542     
 
   ANALYSIS ERROR COVARIANCE before one step.
     0.06043383     0.05810221    -0.00395683
     0.05810221     0.11022138    -0.00253875
    -0.00395683    -0.00253875     0.08942258
   PREDICTION ERROR COVARIANCE on present step
     0.06051202     0.06733189    -0.00478881
     0.06733189     0.11727144    -0.00395078
    -0.00478881    -0.00395078     0.08488253
 
   ANALYSIS (AFTER) =    6.6638620973799412E-002  -1.9305389141565807        19.776293269974641     
 
 Data assim. time ==   0.10000000000000001      sec.
 
   TRUTH    =  -0.26476435395219311       -1.2286358506387709        19.449452377832689     
   PREDICT  =  -0.51031098504409189       -4.5629913599945935        14.283838322274969     
   OBSERVE  =   -1.2624805516468065       -1.1520380383419466        20.335244015078395     
   ANALYSIS (BEFORE) =  -0.12248389721948669       -1.9139275548619312        19.256462098075481     
 
   ANALYSIS ERROR COVARIANCE before one step.
     0.05342041     0.05703118    -0.00397063
     0.05703118     0.10151471    -0.00302024
    -0.00397063    -0.00302024     0.07821269
   PREDICTION ERROR COVARIANCE on present step
     0.05455129     0.06529015    -0.00476955
     0.06529015     0.10914666    -0.00438363
    -0.00476955    -0.00438363     0.07426076
 
   ANALYSIS (AFTER) =  -0.13912035765129091       -1.9090412858865216        19.332933910347496     
 
 Data assim. time ==   0.11000000000000000      sec.
 
   TRUTH    =  -0.35714427227902085       -1.2437598844142017        18.941456995653763     
   PREDICT  =  -0.89806831885277738       -4.6154615592119645        13.940010411317553     
   OBSERVE  =  -0.43161066539411302      -0.47544106573076439        19.120914575027857     
   ANALYSIS (BEFORE) =  -0.30747194562382707       -1.9100745151521512        18.828440375511487     
 
   ANALYSIS ERROR COVARIANCE before one step.
     0.04824360     0.05600954    -0.00399710
     0.05600954     0.09509535    -0.00344388
    -0.00399710    -0.00344388     0.06909551
   PREDICTION ERROR COVARIANCE on present step
     0.05010999     0.06356207    -0.00485584
     0.06356207     0.10316671    -0.00483814
    -0.00485584    -0.00483814     0.06563816
 
   ANALYSIS (AFTER) =  -0.23521310326694028       -1.7884513772551336        18.841389061982724     
 
 Data assim. time ==   0.12000000000000000      sec.
 
   TRUTH    =  -0.44263681224457074       -1.2685048827253809        18.447990932171610     
   PREDICT  =   -1.2565739592345626       -4.7224142895012573        13.622944390366710     
   OBSERVE  =   -1.1327698298402706       -3.0660507729485644        18.650808738316357     
   ANALYSIS (BEFORE) =  -0.38344917652612487       -1.7997842313174568        18.351092044100010     
 
   ANALYSIS ERROR COVARIANCE before one step.
     0.04436810     0.05504343    -0.00410466
     0.05504343     0.09033020    -0.00387921
    -0.00410466    -0.00387921     0.06155885
   PREDICTION ERROR COVARIANCE on present step
     0.04674928     0.06213806    -0.00492362
     0.06213806     0.09886690    -0.00523224
    -0.00492362    -0.00523224     0.05849948
 
   ANALYSIS (AFTER) =  -0.48435856622128437       -1.9516859594435378        18.376180787502992     
 
 Data assim. time ==   0.13000000000000000      sec.
 
   TRUTH    =  -0.52281893716876415       -1.3029978604301322        17.968676374588146     
   PREDICT  =   -1.5936888500396631       -4.8817307365527070        13.332092870909122     
   OBSERVE  =   0.40181644702737407       -2.2575420387234413        18.635818204453724     
   ANALYSIS (BEFORE) =  -0.62556657438582519       -1.9868775084217376        17.903430116038091     
 
   ANALYSIS ERROR COVARIANCE before one step.
     0.04142510     0.05418496    -0.00419098
     0.05418496     0.08688737    -0.00426154
    -0.00419098    -0.00426154     0.05522586
   PREDICTION ERROR COVARIANCE on present step
     0.04417650     0.06096979    -0.00519777
     0.06096979     0.09582353    -0.00580479
    -0.00519777    -0.00580479     0.05254723
 
   ANALYSIS (AFTER) =  -0.60305127979159412       -1.9583398830812793        17.936681541346353     
 
 Data assim. time ==   0.14000000000000001      sec.
 
   TRUTH    =  -0.59913094804674616       -1.3473966221711069        17.503184327984410     
   PREDICT  =   -1.9163538191812002       -5.0919000297394410        13.067704763427262     
   OBSERVE  =   -1.8235934629664019       0.50763408892362238        18.492835010345182     
   ANALYSIS (BEFORE) =  -0.73427295786348334       -2.0074775332680992        17.477791235033497     
 
   ANALYSIS ERROR COVARIANCE before one step.
     0.03916522     0.05343567    -0.00445017
     0.05343567     0.08444589    -0.00478539
    -0.00445017    -0.00478539     0.04987550
   PREDICTION ERROR COVARIANCE on present step
     0.04218671     0.06002921    -0.00550001
     0.06002921     0.09374857    -0.00640340
    -0.00550001    -0.00640340     0.04750748
 
   ANALYSIS (AFTER) =  -0.64702474549723765       -1.8621960016204975        17.515517298295130     
 
 Data assim. time ==   0.14999999999999999      sec.
 
   TRUTH    =  -0.67289339094460632       -1.4019092078447855        17.051231691146928     
   PREDICT  =   -2.2307335739558849       -5.3519864821038361        12.830740187398026     
   OBSERVE  =   -1.5461812213081600      -0.88184136622072029        17.363677867493795     
   ANALYSIS (BEFORE) =  -0.76529133198268884       -1.9190283759046176        17.067795883538111     
 
   ANALYSIS ERROR COVARIANCE before one step.
     0.03741266     0.05280287    -0.00473135
     0.05280287     0.08278386    -0.00532969
    -0.00473135    -0.00532969     0.04529546
   PREDICTION ERROR COVARIANCE on present step
     0.04063661     0.05929584    -0.00574982
     0.05929584     0.09243641    -0.00694507
    -0.00574982    -0.00694507     0.04317972
 
   ANALYSIS (AFTER) =  -0.74067069640792682       -1.8768058849523834        17.077858909736200     
 
 Data assim. time ==   0.16000000000000000      sec.
 
   TRUTH    =  -0.74532402898737127       -1.4668098257561262        16.612579962155351     
   PREDICT  =   -2.5423429532259170       -5.6615784752215728        12.622830807664826     
   OBSERVE  =   -1.0188116986424944      -0.85475536029145893        15.958162499101842     
   ANALYSIS (BEFORE) =  -0.85203891349073568       -1.9464993667796278        16.643499112361145     
 
   ANALYSIS ERROR COVARIANCE before one step.
     0.03604279     0.05229061    -0.00496503
     0.05229061     0.08173962    -0.00582519
    -0.00496503    -0.00582519     0.04132626
   PREDICTION ERROR COVARIANCE on present step
     0.03942436     0.05875985    -0.00603241
     0.05875985     0.09176006    -0.00752917
    -0.00603241    -0.00752917     0.03944868
 
   ANALYSIS (AFTER) =  -0.79762427226853883       -1.8621397491169103        16.611476270493988     
 
 Data assim. time ==   0.17000000000000001      sec.
 
   TRUTH    =  -0.81755457914556817       -1.5424520910045807        16.187035494142894     
   PREDICT  =   -2.8561555315469125       -6.0207216256823983        12.446276329492360     
   OBSERVE  =  -0.23507455276949274       -3.2373519967671562        16.787700406776604     
   ANALYSIS (BEFORE) =  -0.90266136938164465       -1.9418129687868231        16.190319825112130     
 
   ANALYSIS ERROR COVARIANCE before one step.
     0.03496456     0.05190335    -0.00522460
     0.05190335     0.08121050    -0.00635396
    -0.00522460    -0.00635396     0.03787520
   PREDICTION ERROR COVARIANCE on present step
     0.03847600     0.05841801    -0.00631520
     0.05841801     0.09164430    -0.00812601
    -0.00631520    -0.00812601     0.03620288
 
   ANALYSIS (AFTER) =  -0.95007481481834377       -2.0165646200650453        16.216407053924684     
 
 Data assim. time ==   0.17999999999999999      sec.
 
   TRUTH    =  -0.89064701416314507       -1.6292802604026142        15.774451257087581     
   PREDICT  =   -3.1766947697292811       -6.4298360497152842        12.304070052203315     
   OBSERVE  =   -1.7711383783307375      -0.91468024979359974        15.963924632018355     
   ANALYSIS (BEFORE) =   -1.0562595577794305       -2.1162152982129339        15.810143658382470     
 
   ANALYSIS ERROR COVARIANCE before one step.
     0.03411175     0.05164752    -0.00548164
     0.05164752     0.08113555    -0.00689106
    -0.00548164    -0.00689106     0.03485057
   PREDICTION ERROR COVARIANCE on present step
     0.03773843     0.05822317    -0.00671460
     0.05822317     0.09190599    -0.00887810
    -0.00671460    -0.00887810     0.03340028
 
   ANALYSIS (AFTER) =   -1.0191929254413388       -2.0564274030266119        15.810190877359915     
 
 Data assim. time ==   0.19000000000000000      sec.
 
   TRUTH    =  -0.96560930907823617       -1.7278390395281749        15.374730107229027     
   PREDICT  =   -3.5081077585011862       -6.8896153012538441        12.199947788258603     
   OBSERVE  =    7.1445684348267480E-002  -1.0746105818604779        17.563003391695212     
   ANALYSIS (BEFORE) =   -1.1231710095587113       -2.1680409758319348        15.416486022861344     
 
   ANALYSIS ERROR COVARIANCE before one step.
     0.03343926     0.05149198    -0.00583793
     0.05149198     0.08136311    -0.00755758
    -0.00583793    -0.00755758     0.03221790
   PREDICTION ERROR COVARIANCE on present step
     0.03716799     0.05816929    -0.00712965
     0.05816929     0.09250520    -0.00967058
    -0.00712965    -0.00967058     0.03095034
 
   ANALYSIS (AFTER) =   -1.0409356044533558       -2.0348076968513524        15.464227307681808     
 
 Data assim. time ==   0.20000000000000001      sec.
 
   TRUTH    =   -1.0434105728286400       -1.8387824312991159        14.987829618113942     
   PREDICT  =   -3.8542212720688322       -7.4009026407902958        12.138455090273695     
   OBSERVE  =  -0.97237908259489492      -0.53022819143438915        16.367417132786130     
   ANALYSIS (BEFORE) =   -1.1410962299776282       -2.1527729153395421        15.079839413208765     
 
   ANALYSIS ERROR COVARIANCE before one step.
     0.03290855     0.05143683    -0.00620554
     0.05143683     0.08186077    -0.00825666
    -0.00620554    -0.00825666     0.02990081
   PREDICTION ERROR COVARIANCE on present step
     0.03673317     0.05822531    -0.00751412
     0.05822531     0.09333280    -0.01043896
    -0.00751412    -0.01043896     0.02878477
 
   ANALYSIS (AFTER) =   -1.0605410307387519       -2.0216689263967527        15.100087640699369     
 
 Data assim. time ==   0.20999999999999999      sec.
 
   TRUTH    =   -1.1249955509474823       -1.9628819969500739        14.613768584592201     
   PREDICT  =   -4.2185793771367841       -7.9645385628569887        12.125027552928611     
   OBSERVE  =   -1.8855890915406761       -2.6586334372999416        13.855525317064240     
   ANALYSIS (BEFORE) =   -1.1578955701301423       -2.1460224779222528        14.725547637624960     
 
   ANALYSIS ERROR COVARIANCE before one step.
     0.03249400     0.05146194    -0.00654437
     0.05146194     0.08253951    -0.00893350
    -0.00654437    -0.00893350     0.02784094
   PREDICTION ERROR COVARIANCE on present step
     0.03640868     0.05838844    -0.00787640
     0.05838844     0.09437965    -0.01119197
    -0.00787640    -0.01119197     0.02686251
 
   ANALYSIS (AFTER) =   -1.2017709883197305       -2.2179464367317672        14.712836293433014     
 
 Data assim. time ==   0.22000000000000000      sec.
 
   TRUTH    =   -1.2112985174386934       -2.1010348070312501        14.252635372818990     
   PREDICT  =   -4.6044612594942391       -8.5811719397912789        12.166077885527551     
   OBSERVE  =   -2.2953140715663665       -1.4639972862206829        14.434480335285915     
   ANALYSIS (BEFORE) =   -1.3053965340865532       -2.3638644485483384        14.354014126586563     
 
   ANALYSIS ERROR COVARIANCE before one step.
     0.03217240     0.05156634    -0.00686155
     0.05156634     0.08339098    -0.00959476
    -0.00686155    -0.00959476     0.02600259
   PREDICTION ERROR COVARIANCE on present step
     0.03617550     0.05864806    -0.00835914
     0.05864806     0.09561940    -0.01212711
    -0.00835914    -0.01212711     0.02521035
 
   ANALYSIS (AFTER) =   -1.2910266395348233       -2.3399810888979613        14.353819444461895     
 
 Data assim. time ==   0.23000000000000001      sec.
 
   TRUTH    =   -1.3032565942068146       -2.2542712688730453        13.904598355785188     
   PREDICT  =   -5.0148772634613330       -9.2510258110573940        12.269081352086156     
   OBSERVE  =   -3.1176645547045720       -1.6593038911384237        13.883993339327436     
   ANALYSIS (BEFORE) =   -1.3985243039994988       -2.5016067426368229        14.008227712804617     
 
   ANALYSIS ERROR COVARIANCE before one step.
     0.03192527     0.05174005    -0.00728126
     0.05174005     0.08438945    -0.01040880
    -0.00728126    -0.01040880     0.02440792
   PREDICTION ERROR COVARIANCE on present step
     0.03601657     0.05898387    -0.00889504
     0.05898387     0.09699682    -0.01315668
    -0.00889504    -0.01315668     0.02377960
 
   ANALYSIS (AFTER) =   -1.4083526038508039       -2.5175359693996229        14.009164116730771     
 
 Data assim. time ==   0.23999999999999999      sec.
 
   TRUTH    =   -1.4018225460385110       -2.4237629239269141        13.569918745872497     
   PREDICT  =   -5.4525404296224247       -9.9736079796331527        12.442647880812773     
   OBSERVE  =  -0.58777667709523251      -0.65717010383359353        13.578517669594206     
   ANALYSIS (BEFORE) =   -1.5225258472812400       -2.6988918784333356        13.678232020241332     
 
   ANALYSIS ERROR COVARIANCE before one step.
     0.03173921     0.05196904    -0.00774481
     0.05196904     0.08549050    -0.01130092
    -0.00774481    -0.01130092     0.02301475
   PREDICTION ERROR COVARIANCE on present step
     0.03591809     0.05937751    -0.00951350
     0.05937751     0.09846581    -0.01432517
    -0.00951350    -0.01432517     0.02256697
 
   ANALYSIS (AFTER) =   -1.3855031453857605       -2.4719087542945721        13.643187007128947     
 
 Data assim. time ==   0.25000000000000000      sec.
 
   TRUTH    =   -1.5079770987044090       -2.6108302086332604        13.248966214337011     
   PREDICT  =   -5.9198101288549161       -10.747356566421910        12.696564480312384     
   OBSERVE  =   -1.2959298698551833       -2.5599794679911660        11.427908354347824     
   ANALYSIS (BEFORE) =   -1.4976195140414128       -2.6555353062902132        13.320637356111686     
 
   ANALYSIS ERROR COVARIANCE before one step.
     0.03160244     0.05223873    -0.00827772
     0.05223873     0.08665511    -0.01230907
    -0.00827772    -0.01230907     0.02181949
   PREDICTION ERROR COVARIANCE on present step
     0.03586749     0.05983666    -0.01005302
     0.05983666     0.10006528    -0.01540135
    -0.01005302    -0.01540135     0.02147334
 
   ANALYSIS (AFTER) =   -1.4697022354847029       -2.6114840470690850        13.278361772762103     
 
 Data assim. time ==   0.26000000000000001      sec.
 
   TRUTH    =   -1.6227408173058175       -2.8169500599845789        12.942237773240789     
   PREDICT  =   -6.4186038334367428       -11.569212147891344        13.041785451341394     
   OBSERVE  =   -3.0745033926127743       -2.8799243194673636        12.086306465261066     
   ANALYSIS (BEFORE) =   -1.5878839027692979       -2.8117536308194775        12.969848265859524     
 
   ANALYSIS ERROR COVARIANCE before one step.
     0.03150476     0.05255772    -0.00873918
     0.05255772     0.08791893    -0.01323472
    -0.00873918    -0.01323472     0.02073637
   PREDICTION ERROR COVARIANCE on present step
     0.03585844     0.06034581    -0.01064583
     0.06034581     0.10175364    -0.01657525
    -0.01064583    -0.01657525     0.02054892
 
   ANALYSIS (AFTER) =   -1.6300621340443995       -2.8839148382446149        12.967060855276413     
 
 Data assim. time ==   0.27000000000000002      sec.
 
   TRUTH    =   -1.7471855609283458       -3.0437631143475605        12.650380488455662     
   PREDICT  =   -6.9502728095680721       -12.434111972582610        13.490340308312819     
   OBSERVE  =   -2.7147775604196442       -3.5846531069372314        13.501472927950541     
   ANALYSIS (BEFORE) =   -1.7601980231715739       -3.1111838158085914        12.675969417402916     
 
   ANALYSIS ERROR COVARIANCE before one step.
     0.03143967     0.05291141    -0.00924416
     0.05291141     0.08924375    -0.01424010
    -0.00924416    -0.01424010     0.01980745
   PREDICTION ERROR COVARIANCE on present step
     0.03588262     0.06086945    -0.01137425
     0.06086945     0.10342785    -0.01796878
    -0.01137425    -0.01796878     0.01983558
 
   ANALYSIS (AFTER) =   -1.8235380310205727       -3.2176422117392489        12.708431765534170     
 
 Data assim. time ==   0.28000000000000003      sec.
 
   TRUTH    =   -1.8824454966521784       -3.2930800862409981        12.374218692290549     
   PREDICT  =   -7.5154378160948880       -13.334409240930244        14.055120736776189     
   OBSERVE  =   -1.8532038143878093       -3.0091824631678534        11.628508207934299     
   ANALYSIS (BEFORE) =   -1.9685343064197345       -3.4766154206622439        12.436625111759239     
 
   ANALYSIS ERROR COVARIANCE before one step.
     0.03140109     0.05327112    -0.00986420
     0.05327112     0.09054331    -0.01542985
    -0.00986420    -0.01542985     0.01906790
   PREDICTION ERROR COVARIANCE on present step
     0.03592911     0.06137448    -0.01226301
     0.06137448     0.10499903    -0.01962158
    -0.01226301    -0.01962158     0.01935523
 
   ANALYSIS (AFTER) =   -1.9312728180855545       -3.4139406164298807        12.412550436561160     
 
 Data assim. time ==   0.28999999999999998      sec.
 
   TRUTH    =   -2.0297276088322231       -3.5668867113543876        12.114786468800547     
   PREDICT  =   -8.1137821132509114       -14.259233025963308        14.749499347448667     
   OBSERVE  =   -2.0326235339445189       -3.3281639773309015        11.372713198523851     
   ANALYSIS (BEFORE) =   -2.0857021211599260       -3.6939667993597056        12.156340214488052     
 
   ANALYSIS ERROR COVARIANCE before one step.
     0.03138103     0.05361098    -0.01062069
     0.05361098     0.09174515    -0.01683806
    -0.01062069    -0.01683806     0.01853584
   PREDICTION ERROR COVARIANCE on present step
     0.03598607     0.06187105    -0.01319887
     0.06187105     0.10652701    -0.02136924
    -0.01319887    -0.02136924     0.01904079
 
   ANALYSIS (AFTER) =   -2.0553606509753983       -3.6427615357089906        12.134806537672482     
 
 Data assim. time ==   0.29999999999999999      sec.
 
   TRUTH    =   -2.1903215751378338       -3.8673463812731201        11.873366289202803     
   PREDICT  =   -8.7438016971110386       -15.193823660541831        15.586726452021974     
   OBSERVE  =   -1.6479725399348426       -5.1749664215049727        12.359616790755048     
   ANALYSIS (BEFORE) =   -2.2208883308615861       -3.9464977562464898        11.895526039197703     
 
   ANALYSIS ERROR COVARIANCE before one step.
     0.03136921     0.05394019    -0.01141482
     0.05394019     0.09290160    -0.01832317
    -0.01141482    -0.01832317     0.01815293
   PREDICTION ERROR COVARIANCE on present step
     0.03604731     0.06234403    -0.01419651
     0.06234403     0.10797425    -0.02323226
    -0.01419651    -0.02323226     0.01890191
 
   ANALYSIS (AFTER) =   -2.2752511330433549       -4.0401097289650583        11.921271721656517     
 
 Data assim. time ==   0.31000000000000000      sec.
 
   TRUTH    =   -2.3656087948083804       -4.1967992692862159        11.651534770557230     
   PREDICT  =   -9.4025172427021548       -16.118905472760002        16.579049939448993     
   OBSERVE  =   -2.0789827106701022       -1.5768602756402692        10.485818216131168     
   ANALYSIS (BEFORE) =   -2.4594439348546815       -4.3810828023878212        11.705905394042260     
 
   ANALYSIS ERROR COVARIANCE before one step.
     0.03136084     0.05424680    -0.01225930
     0.05424680     0.09398224    -0.01990253
    -0.01225930    -0.01990253     0.01792664
   PREDICTION ERROR COVARIANCE on present step
     0.03610652     0.06275222    -0.01536046
     0.06275222     0.10921567    -0.02536692
    -0.01536046    -0.02536692     0.01902855
 
   ANALYSIS (AFTER) =   -2.2785349926743059       -4.0677892796017820        11.618107168551671     
 
 Data assim. time ==   0.32000000000000001      sec.
 
   TRUTH    =   -2.5570702412626138       -4.5577563271185184        11.451216603858741     
   PREDICT  =   -10.085159328255617       -17.010193519958296        17.736512544289376     
   OBSERVE  =   -3.2784008219666583       -4.3547590406360213        12.105084658642218     
   ANALYSIS (BEFORE) =   -2.4654069167157227       -4.4162712233205017        11.411645347186141     
 
   ANALYSIS ERROR COVARIANCE before one step.
     0.03135129     0.05449696    -0.01324444
     0.05449696     0.09488250    -0.02170984
    -0.01324444    -0.02170984     0.01793316
   PREDICTION ERROR COVARIANCE on present step
     0.03615282     0.06314420    -0.01641843
     0.06314420     0.11044342    -0.02735747
    -0.01641843    -0.02735747     0.01920336
 
   ANALYSIS (AFTER) =   -2.4973146191207527       -4.4710979329247609        11.434170625207530     
 
 Data assim. time ==   0.33000000000000002      sec.
 
   TRUTH    =   -2.7662926633794687       -4.9528859979573028        11.274747725617742     
   PREDICT  =   -10.784848516977902       -17.838170794364725        19.065406808545934     
   OBSERVE  =   -4.0459928865032788       -4.7904755175560467        10.742669932821132     
   ANALYSIS (BEFORE) =   -2.7035554999943634       -4.8574587083145015        11.252942046974681     
 
   ANALYSIS ERROR COVARIANCE before one step.
     0.03133187     0.05473405    -0.01413518
     0.05473405     0.09577021    -0.02338963
    -0.01413518    -0.02338963     0.01798601
   PREDICTION ERROR COVARIANCE on present step
     0.03618865     0.06345124    -0.01763389
     0.06345124     0.11141489    -0.02959887
    -0.01763389    -0.02959887     0.01965150
 
   ANALYSIS (AFTER) =   -2.7341679466739008       -4.9117987642895145        11.262272614857126     
 
 Data assim. time ==   0.34000000000000002      sec.
 
   TRUTH    =   -2.9949724685392969       -5.3849908155122295        11.124948755807551     
   PREDICT  =   -11.492304701033868       -18.568310344283461        20.566417740185571     
   OBSERVE  =   -3.1002040020537365       -5.0878579201510581        11.344635699288528     
   ANALYSIS (BEFORE) =   -2.9617701365753204       -5.3392453757302896        11.109916987784514     
 
   ANALYSIS ERROR COVARIANCE before one step.
     0.03130500     0.05489958    -0.01515899
     0.05489958     0.09643851    -0.02527952
    -0.01515899    -0.02527952     0.01827678
   PREDICTION ERROR COVARIANCE on present step
     0.03620336     0.06365546    -0.01900797
     0.06365546     0.11209687    -0.03209193
    -0.01900797    -0.03209193     0.02040504
 
   ANALYSIS (AFTER) =   -2.9561065870530419       -5.3289332906886022        11.109713020134887     
 
 Data assim. time ==   0.35000000000000003      sec.
 
   TRUTH    =   -3.2449163752541765       -5.8569702148151315        11.005209544149759     
   PREDICT  =   -12.195634754812065       -19.161940155216683        22.232561490706544     
   OBSERVE  =   -3.9048185782853340       -5.8812969246572191        13.375616916429600     
   ANALYSIS (BEFORE) =   -3.2041435602662118       -5.7952856624916276        10.986378030299761     
 
   ANALYSIS ERROR COVARIANCE before one step.
     0.03126173     0.05497889    -0.01631643
     0.05497889     0.09686071    -0.02737976
    -0.01631643    -0.02737976     0.01883196
   PREDICTION ERROR COVARIANCE on present step
     0.03618681     0.06374116    -0.02049950
     0.06374116     0.11246245    -0.03476511
    -0.02049950    -0.03476511     0.02145581
 
   ANALYSIS (AFTER) =   -3.2727124007797461       -5.9129328315821246        11.048173261835490     
 
 Data assim. time ==   0.35999999999999999      sec.
 
   TRUTH    =   -3.5180376118053234       -6.3717648433903511        10.919585282850191     
   PREDICT  =   -12.880261571039584       -19.577938566185352        24.047134059178507     
   OBSERVE  =   -2.7441183630443304       -6.0498967422775207        11.038864395636915     
   ANALYSIS (BEFORE) =   -3.5486519944109811       -6.4306231050215690        10.965112901425996     
 
   ANALYSIS ERROR COVARIANCE before one step.
     0.03119449     0.05496085    -0.01757229
     0.05496085     0.09701819    -0.02962986
    -0.01757229    -0.02962986     0.01964403
   PREDICTION ERROR COVARIANCE on present step
     0.03613067     0.06365129    -0.02219869
     0.06365129     0.11233741    -0.03773750
    -0.02219869    -0.03773750     0.02294635
 
   ANALYSIS (AFTER) =   -3.5041714872975036       -6.3520639343783287        10.939126310894173     
 
 Data assim. time ==   0.37000000000000000      sec.
 
   TRUTH    =   -3.8163460468168391       -6.9322764160292740        10.872903953624428     
   PREDICT  =   -13.529066753982814       -19.775381933817410        25.982004071582502     
   OBSERVE  =   -2.8718238272253349       -7.7729710536539489        10.804443316638878     
   ANALYSIS (BEFORE) =   -3.8017854094815253       -6.9096852488061353        10.890236282741299     
 
   ANALYSIS ERROR COVARIANCE before one step.
     0.03109723     0.05479878    -0.01900432
     0.05479878     0.09676633    -0.03213201
    -0.01900432    -0.03213201     0.02083383
   PREDICTION ERROR COVARIANCE on present step
     0.03602020     0.06340346    -0.02396847
     0.06340346     0.11182611    -0.04079351
    -0.02396847    -0.04079351     0.02476758
 
   ANALYSIS (AFTER) =   -3.8182943746623654       -6.9390621874936294        10.899221476748140     
 
 Data assim. time ==   0.38000000000000000      sec.
 
   TRUTH    =   -4.1419301558765724       -7.5412557084697216        10.870883737866134     
   PREDICT  =   -14.122817764967145       -19.717125379765601        27.996688329896653     
   OBSERVE  =   -3.6937843089353817       -6.6519251812302240        11.497356395889557     
   ANALYSIS (BEFORE) =   -4.1443032855327839       -7.5473078759780794        10.896915742871633     
 
   ANALYSIS ERROR COVARIANCE before one step.
     0.03095779     0.05450903    -0.02049523
     0.05450903     0.09619704    -0.03470328
    -0.02049523    -0.03470328     0.02230815
   PREDICTION ERROR COVARIANCE on present step
     0.03584941     0.06295100    -0.02588370
     0.06295100     0.11078577    -0.04402172
    -0.02588370    -0.04402172     0.02706039
 
   ANALYSIS (AFTER) =   -4.0953180632825319       -7.4601929178526243        10.867972598186137     
 
 Data assim. time ==   0.39000000000000001      sec.
 
   TRUTH    =   -4.4969281463863480       -8.2011496807901434        10.920257241509754     
   PREDICT  =   -14.640931743841083       -19.374079295372209        30.038691214791353     
   OBSERVE  =   -3.4219773414950341       -8.9103794482718701        10.236506863681551     
   ANALYSIS (BEFORE) =   -4.4466929927833894       -8.1129310639846839        10.910094761803769     
 
   ANALYSIS ERROR COVARIANCE before one step.
     0.03077135     0.05405238    -0.02210946
     0.05405238     0.09519013    -0.03741962
    -0.02210946    -0.03741962     0.02418634
   PREDICTION ERROR COVARIANCE on present step
     0.03560612     0.06228695    -0.02786143
     0.06228695     0.10923040    -0.04727390
    -0.02786143    -0.04727390     0.02976881
 
   ANALYSIS (AFTER) =   -4.4419975672412502       -8.1059062240115143        10.899956025641632     
 
 Data assim. time ==   0.40000000000000002      sec.
 
   TRUTH    =   -4.8834848803120945       -8.9138970762290519        11.028896727913066     
   PREDICT  =   -15.062587935545576       -18.729677692145689        32.045514662218579     
   OBSERVE  =   -4.6743175124600267       -8.7244091797076333        9.5431717606468336     
   ANALYSIS (BEFORE) =   -4.8243521538576095       -8.8110780993622537        10.999785745684926     
 
   ANALYSIS ERROR COVARIANCE before one step.
     0.03052891     0.05342564    -0.02377739
     0.05342564     0.09376256    -0.04015742
    -0.02377739    -0.04015742     0.02642141
   PREDICTION ERROR COVARIANCE on present step
     0.03528266     0.06136778    -0.02995024
     0.06136778     0.10703729    -0.05058560
    -0.02995024    -0.05058560     0.03302579
 
   ANALYSIS (AFTER) =   -4.7780558981375991       -8.7326720487125780        10.949805584698280     
 
 Data assim. time ==   0.41000000000000003      sec.
 
   TRUTH    =   -5.3036904671173870       -9.6806603854574327        11.205930719577589     
   PREDICT  =   -15.368139131319460       -17.783788784406305        33.948514636696672     
   OBSERVE  =   -5.5521004865470722       -11.155174311451239        10.478751917910373     
   ANALYSIS (BEFORE) =   -5.1904556504225337       -9.4872145114062665        11.109673477104941     
 
   ANALYSIS ERROR COVARIANCE before one step.
     0.03022388     0.05259172    -0.02554112
     0.05259172     0.09181020    -0.04294781
    -0.02554112    -0.04294781     0.02912636
   PREDICTION ERROR COVARIANCE on present step
     0.03486595     0.06017950    -0.03208921
     0.06017950     0.10420370    -0.05383208
    -0.03208921    -0.05383208     0.03680922
 
   ANALYSIS (AFTER) =   -5.2699607289058097       -9.6260335956647634        11.175400845016277     
 
 Data assim. time ==   0.41999999999999998      sec.
 
   TRUTH    =   -5.7594955909426524       -10.501481205830224        11.461836998004529     
   PREDICT  =   -15.540698545077163       -16.555194560373035        35.678399125599796     
   OBSERVE  =   -5.4068774590550284       -11.621294568663242        10.880697185087792     
   ANALYSIS (BEFORE) =   -5.7236106983893045       -10.443449499250256        11.425587523673435     
 
   ANALYSIS ERROR COVARIANCE before one step.
     0.02984602     0.05154036    -0.02735021
     0.05154036     0.08933368    -0.04568746
    -0.02735021    -0.04568746     0.03228378
   PREDICTION ERROR COVARIANCE on present step
     0.03434588     0.05861499    -0.03440284
     0.05861499     0.10040766    -0.05709449
    -0.03440284    -0.05709449     0.04144459
 
   ANALYSIS (AFTER) =   -5.7574358567875192       -10.502522010902823        11.453656978952221     
 
 Data assim. time ==   0.42999999999999999      sec.
 
   TRUTH    =   -6.2525978771695536       -11.374846421164499        11.808489895814681     
   PREDICT  =   -15.567709887087434       -15.081863211086860        37.171708631897786     
   OBSERVE  =   -5.0247662173094465       -9.5971132148799381        11.721408671912254     
   ANALYSIS (BEFORE) =   -6.2508404721766304       -11.376052401800052        11.800385762400518     
 
   ANALYSIS ERROR COVARIANCE before one step.
     0.02938682     0.05018043    -0.02931200
     0.05018043     0.08605928    -0.04844677
    -0.02931200    -0.04844677     0.03617104
   PREDICTION ERROR COVARIANCE on present step
     0.03369640     0.05663935    -0.03679322
     0.05663935     0.09562987    -0.06015070
    -0.03679322    -0.06015070     0.04690654
 
   ANALYSIS (AFTER) =   -6.1267713110936457       -11.166748156768950        11.667933156591285     
 
 Data assim. time ==   0.44000000000000000      sec.
 
   TRUTH    =   -6.7842930544473319       -12.297155288771604        12.259130657896469     
   PREDICT  =   -15.442268280792419       -13.418598545207642        38.377236171622982     
   OBSERVE  =   -4.5782968796213712       -10.324015188176061        11.777375060689819     
   ANALYSIS (BEFORE) =   -6.6501944782188271       -12.080189133944017        12.093679985261383     
 
   ANALYSIS ERROR COVARIANCE before one step.
     0.02882562     0.04848462    -0.03134592
     0.04848462     0.08197434    -0.05104179
    -0.03134592    -0.05104179     0.04077062
   PREDICTION ERROR COVARIANCE on present step
